*Combinatorial> mapM_ (\(i, ln) -> putStrLn (show i ++ " : " ++ show ln) ) $ zip [1..] ans
1 : [[0,1,2,3],[0,1,2],[0,1,3],[0,1],[0,2,3],[0,2],[0,3],[0],[1,2,3],[1,2],[1,3],[1],[2,3],[2],[3],[]]
2 : [[0,1,2,3],[0,1,2],[0,1,3],[0,1],[0,2,3],[0,2],[0,3],[0],[1,2],[1],[2],[]]
3 : [[0,1,2,3],[0,1,2],[0,1,3],[0,1],[0,2,3],[0,2],[0,3],[0],[1,3],[1],[3],[]]
4 : [[0,1,2,3],[0,1,2],[0,1,3],[0,1],[0,2,3],[0,2],[0,3],[0],[1],[]]
5 : [[0,1,2,3],[0,1,2],[0,1,3],[0,1],[0,2,3],[0,2],[0,3],[0],[2,3],[2],[3],[]]
6 : [[0,1,2,3],[0,1,2],[0,1,3],[0,1],[0,2,3],[0,2],[0,3],[0],[2],[]]
7 : [[0,1,2,3],[0,1,2],[0,1,3],[0,1],[0,2,3],[0,2],[0,3],[0],[3],[]]
8 : [[0,1,2,3],[0,1,2],[0,1,3],[0,1],[0,2,3],[0,2],[0,3],[0],[]]
9 : [[0,1,2,3],[0,1,2],[0,1,3],[0,1],[0,2],[0],[1,2,3],[1,2],[1,3],[1],[2],[]]
10 : [[0,1,2,3],[0,1,2],[0,1,3],[0,1],[0,2],[0],[1,2],[1],[2],[]]
11 : [[0,1,2,3],[0,1,2],[0,1,3],[0,1],[0,2],[0],[1,3],[1],[]]
12 : [[0,1,2,3],[0,1,2],[0,1,3],[0,1],[0,2],[0],[1],[]]
13 : [[0,1,2,3],[0,1,2],[0,1,3],[0,1],[0,2],[0],[2],[]]
14 : [[0,1,2,3],[0,1,2],[0,1,3],[0,1],[0,2],[0],[]]
15 : [[0,1,2,3],[0,1,2],[0,1,3],[0,1],[0,3],[0],[1,2,3],[1,2],[1,3],[1],[3],[]]
16 : [[0,1,2,3],[0,1,2],[0,1,3],[0,1],[0,3],[0],[1,2],[1],[]]
17 : [[0,1,2,3],[0,1,2],[0,1,3],[0,1],[0,3],[0],[1,3],[1],[3],[]]
18 : [[0,1,2,3],[0,1,2],[0,1,3],[0,1],[0,3],[0],[1],[]]
19 : [[0,1,2,3],[0,1,2],[0,1,3],[0,1],[0,3],[0],[3],[]]
20 : [[0,1,2,3],[0,1,2],[0,1,3],[0,1],[0,3],[0],[]]
21 : [[0,1,2,3],[0,1,2],[0,1,3],[0,1],[0],[1,2,3],[1,2],[1,3],[1],[]]
22 : [[0,1,2,3],[0,1,2],[0,1,3],[0,1],[0],[1,2],[1],[]]
23 : [[0,1,2,3],[0,1,2],[0,1,3],[0,1],[0],[1,3],[1],[]]
24 : [[0,1,2,3],[0,1,2],[0,1,3],[0,1],[0],[1],[]]
25 : [[0,1,2,3],[0,1,2],[0,1,3],[0,1],[0],[]]
26 : [[0,1,2,3],[0,1,2],[0,1,3],[0,1],[1,2,3],[1,2],[1,3],[1],[2,3],[2],[3],[]]
27 : [[0,1,2,3],[0,1,2],[0,1,3],[0,1],[1,2,3],[1,2],[1,3],[1],[2],[]]
28 : [[0,1,2,3],[0,1,2],[0,1,3],[0,1],[1,2,3],[1,2],[1,3],[1],[3],[]]
29 : [[0,1,2,3],[0,1,2],[0,1,3],[0,1],[1,2,3],[1,2],[1,3],[1],[]]
30 : [[0,1,2,3],[0,1,2],[0,1,3],[0,1],[1,2],[1],[2],[]]
31 : [[0,1,2,3],[0,1,2],[0,1,3],[0,1],[1,2],[1],[]]
32 : [[0,1,2,3],[0,1,2],[0,1,3],[0,1],[1,3],[1],[3],[]]
33 : [[0,1,2,3],[0,1,2],[0,1,3],[0,1],[1,3],[1],[]]
34 : [[0,1,2,3],[0,1,2],[0,1,3],[0,1],[1],[]]
35 : [[0,1,2,3],[0,1,2],[0,1,3],[0,1],[2,3],[2],[3],[]]
36 : [[0,1,2,3],[0,1,2],[0,1,3],[0,1],[2],[]]
37 : [[0,1,2,3],[0,1,2],[0,1,3],[0,1],[3],[]]
38 : [[0,1,2,3],[0,1,2],[0,1,3],[0,1],[]]
39 : [[0,1,2,3],[0,1,2],[0,1],[0,2,3],[0,2],[0],[1,2,3],[1,2],[1],[2,3],[2],[]]
40 : [[0,1,2,3],[0,1,2],[0,1],[0,2,3],[0,2],[0],[1,2],[1],[2],[]]
41 : [[0,1,2,3],[0,1,2],[0,1],[0,2,3],[0,2],[0],[1],[]]
42 : [[0,1,2,3],[0,1,2],[0,1],[0,2,3],[0,2],[0],[2,3],[2],[]]
43 : [[0,1,2,3],[0,1,2],[0,1],[0,2,3],[0,2],[0],[2],[]]
44 : [[0,1,2,3],[0,1,2],[0,1],[0,2,3],[0,2],[0],[]]
45 : [[0,1,2,3],[0,1,2],[0,1],[0,2],[0],[1,2,3],[1,2],[1],[2],[]]
46 : [[0,1,2,3],[0,1,2],[0,1],[0,2],[0],[1,2],[1],[2],[]]
47 : [[0,1,2,3],[0,1,2],[0,1],[0,2],[0],[1],[]]
48 : [[0,1,2,3],[0,1,2],[0,1],[0,2],[0],[2],[]]
49 : [[0,1,2,3],[0,1,2],[0,1],[0,2],[0],[]]
50 : [[0,1,2,3],[0,1,2],[0,1],[0],[1,2,3],[1,2],[1],[]]
51 : [[0,1,2,3],[0,1,2],[0,1],[0],[1,2],[1],[]]
52 : [[0,1,2,3],[0,1,2],[0,1],[0],[1],[]]
53 : [[0,1,2,3],[0,1,2],[0,1],[0],[]]
54 : [[0,1,2,3],[0,1,2],[0,1],[1,2,3],[1,2],[1],[2,3],[2],[]]
55 : [[0,1,2,3],[0,1,2],[0,1],[1,2,3],[1,2],[1],[2],[]]
56 : [[0,1,2,3],[0,1,2],[0,1],[1,2,3],[1,2],[1],[]]
57 : [[0,1,2,3],[0,1,2],[0,1],[1,2],[1],[2],[]]
58 : [[0,1,2,3],[0,1,2],[0,1],[1,2],[1],[]]
59 : [[0,1,2,3],[0,1,2],[0,1],[1],[]]
60 : [[0,1,2,3],[0,1,2],[0,1],[2,3],[2],[]]
61 : [[0,1,2,3],[0,1,2],[0,1],[2],[]]
62 : [[0,1,2,3],[0,1,2],[0,1],[]]
63 : [[0,1,2,3],[0,1,2],[0,2,3],[0,2],[0,3],[0],[1,2,3],[1,2],[2,3],[2],[3],[]]
64 : [[0,1,2,3],[0,1,2],[0,2,3],[0,2],[0,3],[0],[1,2],[2],[]]
65 : [[0,1,2,3],[0,1,2],[0,2,3],[0,2],[0,3],[0],[2,3],[2],[3],[]]
66 : [[0,1,2,3],[0,1,2],[0,2,3],[0,2],[0,3],[0],[2],[]]
67 : [[0,1,2,3],[0,1,2],[0,2,3],[0,2],[0,3],[0],[3],[]]
68 : [[0,1,2,3],[0,1,2],[0,2,3],[0,2],[0,3],[0],[]]
69 : [[0,1,2,3],[0,1,2],[0,2,3],[0,2],[0],[1,2,3],[1,2],[2,3],[2],[]]
70 : [[0,1,2,3],[0,1,2],[0,2,3],[0,2],[0],[1,2],[2],[]]
71 : [[0,1,2,3],[0,1,2],[0,2,3],[0,2],[0],[2,3],[2],[]]
72 : [[0,1,2,3],[0,1,2],[0,2,3],[0,2],[0],[2],[]]
73 : [[0,1,2,3],[0,1,2],[0,2,3],[0,2],[0],[]]
74 : [[0,1,2,3],[0,1,2],[0,2,3],[0,2],[1,2,3],[1,2],[1,3],[1],[2,3],[2],[3],[]]
75 : [[0,1,2,3],[0,1,2],[0,2,3],[0,2],[1,2,3],[1,2],[1],[2,3],[2],[]]
76 : [[0,1,2,3],[0,1,2],[0,2,3],[0,2],[1,2,3],[1,2],[2,3],[2],[3],[]]
77 : [[0,1,2,3],[0,1,2],[0,2,3],[0,2],[1,2,3],[1,2],[2,3],[2],[]]
78 : [[0,1,2,3],[0,1,2],[0,2,3],[0,2],[1,2],[1],[2],[]]
79 : [[0,1,2,3],[0,1,2],[0,2,3],[0,2],[1,2],[2],[]]
80 : [[0,1,2,3],[0,1,2],[0,2,3],[0,2],[1,3],[1],[3],[]]
81 : [[0,1,2,3],[0,1,2],[0,2,3],[0,2],[1],[]]
82 : [[0,1,2,3],[0,1,2],[0,2,3],[0,2],[2,3],[2],[3],[]]
83 : [[0,1,2,3],[0,1,2],[0,2,3],[0,2],[2,3],[2],[]]
84 : [[0,1,2,3],[0,1,2],[0,2,3],[0,2],[2],[]]
85 : [[0,1,2,3],[0,1,2],[0,2,3],[0,2],[3],[]]
86 : [[0,1,2,3],[0,1,2],[0,2,3],[0,2],[]]
87 : [[0,1,2,3],[0,1,2],[0,2],[0],[1,2,3],[1,2],[2],[]]
88 : [[0,1,2,3],[0,1,2],[0,2],[0],[1,2],[2],[]]
89 : [[0,1,2,3],[0,1,2],[0,2],[0],[2],[]]
90 : [[0,1,2,3],[0,1,2],[0,2],[0],[]]
91 : [[0,1,2,3],[0,1,2],[0,2],[1,2,3],[1,2],[1,3],[1],[2],[]]
92 : [[0,1,2,3],[0,1,2],[0,2],[1,2,3],[1,2],[1],[2],[]]
93 : [[0,1,2,3],[0,1,2],[0,2],[1,2,3],[1,2],[2],[]]
94 : [[0,1,2,3],[0,1,2],[0,2],[1,2],[1],[2],[]]
95 : [[0,1,2,3],[0,1,2],[0,2],[1,2],[2],[]]
96 : [[0,1,2,3],[0,1,2],[0,2],[1,3],[1],[]]
97 : [[0,1,2,3],[0,1,2],[0,2],[1],[]]
98 : [[0,1,2,3],[0,1,2],[0,2],[2],[]]
99 : [[0,1,2,3],[0,1,2],[0,2],[]]
100 : [[0,1,2,3],[0,1,2],[0,3],[0],[1,2,3],[1,2],[3],[]]
101 : [[0,1,2,3],[0,1,2],[0,3],[0],[1,2],[]]
102 : [[0,1,2,3],[0,1,2],[0,3],[0],[3],[]]
103 : [[0,1,2,3],[0,1,2],[0,3],[0],[]]
104 : [[0,1,2,3],[0,1,2],[0],[1,2,3],[1,2],[]]
105 : [[0,1,2,3],[0,1,2],[0],[1,2],[]]
106 : [[0,1,2,3],[0,1,2],[0],[]]
107 : [[0,1,2,3],[0,1,2],[1,2,3],[1,2],[1,3],[1],[2,3],[2],[3],[]]
108 : [[0,1,2,3],[0,1,2],[1,2,3],[1,2],[1,3],[1],[2],[]]
109 : [[0,1,2,3],[0,1,2],[1,2,3],[1,2],[1,3],[1],[3],[]]
110 : [[0,1,2,3],[0,1,2],[1,2,3],[1,2],[1,3],[1],[]]
111 : [[0,1,2,3],[0,1,2],[1,2,3],[1,2],[1],[2,3],[2],[]]
112 : [[0,1,2,3],[0,1,2],[1,2,3],[1,2],[1],[2],[]]
113 : [[0,1,2,3],[0,1,2],[1,2,3],[1,2],[1],[]]
114 : [[0,1,2,3],[0,1,2],[1,2,3],[1,2],[2,3],[2],[3],[]]
115 : [[0,1,2,3],[0,1,2],[1,2,3],[1,2],[2,3],[2],[]]
116 : [[0,1,2,3],[0,1,2],[1,2,3],[1,2],[2],[]]
117 : [[0,1,2,3],[0,1,2],[1,2,3],[1,2],[3],[]]
118 : [[0,1,2,3],[0,1,2],[1,2,3],[1,2],[]]
119 : [[0,1,2,3],[0,1,2],[1,2],[1],[2],[]]
120 : [[0,1,2,3],[0,1,2],[1,2],[1],[]]
121 : [[0,1,2,3],[0,1,2],[1,2],[2],[]]
122 : [[0,1,2,3],[0,1,2],[1,2],[]]
123 : [[0,1,2,3],[0,1,2],[1,3],[1],[3],[]]
124 : [[0,1,2,3],[0,1,2],[1,3],[1],[]]
125 : [[0,1,2,3],[0,1,2],[1],[]]
126 : [[0,1,2,3],[0,1,2],[2,3],[2],[3],[]]
127 : [[0,1,2,3],[0,1,2],[2,3],[2],[]]
128 : [[0,1,2,3],[0,1,2],[2],[]]
129 : [[0,1,2,3],[0,1,2],[3],[]]
130 : [[0,1,2,3],[0,1,2],[]]
131 : [[0,1,2,3],[0,1,3],[0,1],[0,2,3],[0,3],[0],[1,2,3],[1,3],[1],[2,3],[3],[]]
132 : [[0,1,2,3],[0,1,3],[0,1],[0,2,3],[0,3],[0],[1,3],[1],[3],[]]
133 : [[0,1,2,3],[0,1,3],[0,1],[0,2,3],[0,3],[0],[1],[]]
134 : [[0,1,2,3],[0,1,3],[0,1],[0,2,3],[0,3],[0],[2,3],[3],[]]
135 : [[0,1,2,3],[0,1,3],[0,1],[0,2,3],[0,3],[0],[3],[]]
136 : [[0,1,2,3],[0,1,3],[0,1],[0,2,3],[0,3],[0],[]]
137 : [[0,1,2,3],[0,1,3],[0,1],[0,3],[0],[1,2,3],[1,3],[1],[3],[]]
138 : [[0,1,2,3],[0,1,3],[0,1],[0,3],[0],[1,3],[1],[3],[]]
139 : [[0,1,2,3],[0,1,3],[0,1],[0,3],[0],[1],[]]
140 : [[0,1,2,3],[0,1,3],[0,1],[0,3],[0],[3],[]]
141 : [[0,1,2,3],[0,1,3],[0,1],[0,3],[0],[]]
142 : [[0,1,2,3],[0,1,3],[0,1],[0],[1,2,3],[1,3],[1],[]]
143 : [[0,1,2,3],[0,1,3],[0,1],[0],[1,3],[1],[]]
144 : [[0,1,2,3],[0,1,3],[0,1],[0],[1],[]]
145 : [[0,1,2,3],[0,1,3],[0,1],[0],[]]
146 : [[0,1,2,3],[0,1,3],[0,1],[1,2,3],[1,3],[1],[2,3],[3],[]]
147 : [[0,1,2,3],[0,1,3],[0,1],[1,2,3],[1,3],[1],[3],[]]
148 : [[0,1,2,3],[0,1,3],[0,1],[1,2,3],[1,3],[1],[]]
149 : [[0,1,2,3],[0,1,3],[0,1],[1,3],[1],[3],[]]
150 : [[0,1,2,3],[0,1,3],[0,1],[1,3],[1],[]]
151 : [[0,1,2,3],[0,1,3],[0,1],[1],[]]
152 : [[0,1,2,3],[0,1,3],[0,1],[2,3],[3],[]]
153 : [[0,1,2,3],[0,1,3],[0,1],[3],[]]
154 : [[0,1,2,3],[0,1,3],[0,1],[]]
155 : [[0,1,2,3],[0,1,3],[0,2,3],[0,2],[0,3],[0],[1,2,3],[1,3],[2,3],[2],[3],[]]
156 : [[0,1,2,3],[0,1,3],[0,2,3],[0,2],[0,3],[0],[1,3],[3],[]]
157 : [[0,1,2,3],[0,1,3],[0,2,3],[0,2],[0,3],[0],[2,3],[2],[3],[]]
158 : [[0,1,2,3],[0,1,3],[0,2,3],[0,2],[0,3],[0],[2],[]]
159 : [[0,1,2,3],[0,1,3],[0,2,3],[0,2],[0,3],[0],[3],[]]
160 : [[0,1,2,3],[0,1,3],[0,2,3],[0,2],[0,3],[0],[]]
161 : [[0,1,2,3],[0,1,3],[0,2,3],[0,3],[0],[1,2,3],[1,3],[2,3],[3],[]]
162 : [[0,1,2,3],[0,1,3],[0,2,3],[0,3],[0],[1,3],[3],[]]
163 : [[0,1,2,3],[0,1,3],[0,2,3],[0,3],[0],[2,3],[3],[]]
164 : [[0,1,2,3],[0,1,3],[0,2,3],[0,3],[0],[3],[]]
165 : [[0,1,2,3],[0,1,3],[0,2,3],[0,3],[0],[]]
166 : [[0,1,2,3],[0,1,3],[0,2,3],[0,3],[1,2,3],[1,2],[1,3],[1],[2,3],[2],[3],[]]
167 : [[0,1,2,3],[0,1,3],[0,2,3],[0,3],[1,2,3],[1,3],[1],[2,3],[3],[]]
168 : [[0,1,2,3],[0,1,3],[0,2,3],[0,3],[1,2,3],[1,3],[2,3],[2],[3],[]]
169 : [[0,1,2,3],[0,1,3],[0,2,3],[0,3],[1,2,3],[1,3],[2,3],[3],[]]
170 : [[0,1,2,3],[0,1,3],[0,2,3],[0,3],[1,2],[1],[2],[]]
171 : [[0,1,2,3],[0,1,3],[0,2,3],[0,3],[1,3],[1],[3],[]]
172 : [[0,1,2,3],[0,1,3],[0,2,3],[0,3],[1,3],[3],[]]
173 : [[0,1,2,3],[0,1,3],[0,2,3],[0,3],[1],[]]
174 : [[0,1,2,3],[0,1,3],[0,2,3],[0,3],[2,3],[2],[3],[]]
175 : [[0,1,2,3],[0,1,3],[0,2,3],[0,3],[2,3],[3],[]]
176 : [[0,1,2,3],[0,1,3],[0,2,3],[0,3],[2],[]]
177 : [[0,1,2,3],[0,1,3],[0,2,3],[0,3],[3],[]]
178 : [[0,1,2,3],[0,1,3],[0,2,3],[0,3],[]]
179 : [[0,1,2,3],[0,1,3],[0,2],[0],[1,2,3],[1,3],[2],[]]
180 : [[0,1,2,3],[0,1,3],[0,2],[0],[1,3],[]]
181 : [[0,1,2,3],[0,1,3],[0,2],[0],[2],[]]
182 : [[0,1,2,3],[0,1,3],[0,2],[0],[]]
183 : [[0,1,2,3],[0,1,3],[0,3],[0],[1,2,3],[1,3],[3],[]]
184 : [[0,1,2,3],[0,1,3],[0,3],[0],[1,3],[3],[]]
185 : [[0,1,2,3],[0,1,3],[0,3],[0],[3],[]]
186 : [[0,1,2,3],[0,1,3],[0,3],[0],[]]
187 : [[0,1,2,3],[0,1,3],[0,3],[1,2,3],[1,2],[1,3],[1],[3],[]]
188 : [[0,1,2,3],[0,1,3],[0,3],[1,2,3],[1,3],[1],[3],[]]
189 : [[0,1,2,3],[0,1,3],[0,3],[1,2,3],[1,3],[3],[]]
190 : [[0,1,2,3],[0,1,3],[0,3],[1,2],[1],[]]
191 : [[0,1,2,3],[0,1,3],[0,3],[1,3],[1],[3],[]]
192 : [[0,1,2,3],[0,1,3],[0,3],[1,3],[3],[]]
193 : [[0,1,2,3],[0,1,3],[0,3],[1],[]]
194 : [[0,1,2,3],[0,1,3],[0,3],[3],[]]
195 : [[0,1,2,3],[0,1,3],[0,3],[]]
196 : [[0,1,2,3],[0,1,3],[0],[1,2,3],[1,3],[]]
197 : [[0,1,2,3],[0,1,3],[0],[1,3],[]]
198 : [[0,1,2,3],[0,1,3],[0],[]]
199 : [[0,1,2,3],[0,1,3],[1,2,3],[1,2],[1,3],[1],[2,3],[2],[3],[]]
200 : [[0,1,2,3],[0,1,3],[1,2,3],[1,2],[1,3],[1],[2],[]]
201 : [[0,1,2,3],[0,1,3],[1,2,3],[1,2],[1,3],[1],[3],[]]
202 : [[0,1,2,3],[0,1,3],[1,2,3],[1,2],[1,3],[1],[]]
203 : [[0,1,2,3],[0,1,3],[1,2,3],[1,3],[1],[2,3],[3],[]]
204 : [[0,1,2,3],[0,1,3],[1,2,3],[1,3],[1],[3],[]]
205 : [[0,1,2,3],[0,1,3],[1,2,3],[1,3],[1],[]]
206 : [[0,1,2,3],[0,1,3],[1,2,3],[1,3],[2,3],[2],[3],[]]
207 : [[0,1,2,3],[0,1,3],[1,2,3],[1,3],[2,3],[3],[]]
208 : [[0,1,2,3],[0,1,3],[1,2,3],[1,3],[2],[]]
209 : [[0,1,2,3],[0,1,3],[1,2,3],[1,3],[3],[]]
210 : [[0,1,2,3],[0,1,3],[1,2,3],[1,3],[]]
211 : [[0,1,2,3],[0,1,3],[1,2],[1],[2],[]]
212 : [[0,1,2,3],[0,1,3],[1,2],[1],[]]
213 : [[0,1,2,3],[0,1,3],[1,3],[1],[3],[]]
214 : [[0,1,2,3],[0,1,3],[1,3],[1],[]]
215 : [[0,1,2,3],[0,1,3],[1,3],[3],[]]
216 : [[0,1,2,3],[0,1,3],[1,3],[]]
217 : [[0,1,2,3],[0,1,3],[1],[]]
218 : [[0,1,2,3],[0,1,3],[2,3],[2],[3],[]]
219 : [[0,1,2,3],[0,1,3],[2,3],[3],[]]
220 : [[0,1,2,3],[0,1,3],[2],[]]
221 : [[0,1,2,3],[0,1,3],[3],[]]
222 : [[0,1,2,3],[0,1,3],[]]
223 : [[0,1,2,3],[0,1],[0,2,3],[0],[1,2,3],[1],[2,3],[]]
224 : [[0,1,2,3],[0,1],[0,2,3],[0],[1],[]]
225 : [[0,1,2,3],[0,1],[0,2,3],[0],[2,3],[]]
226 : [[0,1,2,3],[0,1],[0,2,3],[0],[]]
227 : [[0,1,2,3],[0,1],[0],[1,2,3],[1],[]]
228 : [[0,1,2,3],[0,1],[0],[1],[]]
229 : [[0,1,2,3],[0,1],[0],[]]
230 : [[0,1,2,3],[0,1],[1,2,3],[1],[2,3],[]]
231 : [[0,1,2,3],[0,1],[1,2,3],[1],[]]
232 : [[0,1,2,3],[0,1],[1],[]]
233 : [[0,1,2,3],[0,1],[2,3],[]]
234 : [[0,1,2,3],[0,1],[]]
235 : [[0,1,2,3],[0,2,3],[0,2],[0,3],[0],[1,2,3],[2,3],[2],[3],[]]
236 : [[0,1,2,3],[0,2,3],[0,2],[0,3],[0],[2,3],[2],[3],[]]
237 : [[0,1,2,3],[0,2,3],[0,2],[0,3],[0],[2],[]]
238 : [[0,1,2,3],[0,2,3],[0,2],[0,3],[0],[3],[]]
239 : [[0,1,2,3],[0,2,3],[0,2],[0,3],[0],[]]
240 : [[0,1,2,3],[0,2,3],[0,2],[0],[1,2,3],[2,3],[2],[]]
241 : [[0,1,2,3],[0,2,3],[0,2],[0],[2,3],[2],[]]
242 : [[0,1,2,3],[0,2,3],[0,2],[0],[2],[]]
243 : [[0,1,2,3],[0,2,3],[0,2],[0],[]]
244 : [[0,1,2,3],[0,2,3],[0,2],[1,2,3],[1,3],[2,3],[2],[3],[]]
245 : [[0,1,2,3],[0,2,3],[0,2],[1,2,3],[2,3],[2],[3],[]]
246 : [[0,1,2,3],[0,2,3],[0,2],[1,2,3],[2,3],[2],[]]
247 : [[0,1,2,3],[0,2,3],[0,2],[1,3],[3],[]]
248 : [[0,1,2,3],[0,2,3],[0,2],[2,3],[2],[3],[]]
249 : [[0,1,2,3],[0,2,3],[0,2],[2,3],[2],[]]
250 : [[0,1,2,3],[0,2,3],[0,2],[2],[]]
251 : [[0,1,2,3],[0,2,3],[0,2],[3],[]]
252 : [[0,1,2,3],[0,2,3],[0,2],[]]
253 : [[0,1,2,3],[0,2,3],[0,3],[0],[1,2,3],[2,3],[3],[]]
254 : [[0,1,2,3],[0,2,3],[0,3],[0],[2,3],[3],[]]
255 : [[0,1,2,3],[0,2,3],[0,3],[0],[3],[]]
256 : [[0,1,2,3],[0,2,3],[0,3],[0],[]]
257 : [[0,1,2,3],[0,2,3],[0,3],[1,2,3],[1,2],[2,3],[2],[3],[]]
258 : [[0,1,2,3],[0,2,3],[0,3],[1,2,3],[2,3],[2],[3],[]]
259 : [[0,1,2,3],[0,2,3],[0,3],[1,2,3],[2,3],[3],[]]
260 : [[0,1,2,3],[0,2,3],[0,3],[1,2],[2],[]]
261 : [[0,1,2,3],[0,2,3],[0,3],[2,3],[2],[3],[]]
262 : [[0,1,2,3],[0,2,3],[0,3],[2,3],[3],[]]
263 : [[0,1,2,3],[0,2,3],[0,3],[2],[]]
264 : [[0,1,2,3],[0,2,3],[0,3],[3],[]]
265 : [[0,1,2,3],[0,2,3],[0,3],[]]
266 : [[0,1,2,3],[0,2,3],[0],[1,2,3],[2,3],[]]
267 : [[0,1,2,3],[0,2,3],[0],[2,3],[]]
268 : [[0,1,2,3],[0,2,3],[0],[]]
269 : [[0,1,2,3],[0,2,3],[1,2,3],[1,2],[1,3],[1],[2,3],[2],[3],[]]
270 : [[0,1,2,3],[0,2,3],[1,2,3],[1,2],[1],[2,3],[2],[]]
271 : [[0,1,2,3],[0,2,3],[1,2,3],[1,2],[2,3],[2],[3],[]]
272 : [[0,1,2,3],[0,2,3],[1,2,3],[1,2],[2,3],[2],[]]
273 : [[0,1,2,3],[0,2,3],[1,2,3],[1,3],[1],[2,3],[3],[]]
274 : [[0,1,2,3],[0,2,3],[1,2,3],[1,3],[2,3],[2],[3],[]]
275 : [[0,1,2,3],[0,2,3],[1,2,3],[1,3],[2,3],[3],[]]
276 : [[0,1,2,3],[0,2,3],[1,2,3],[1],[2,3],[]]
277 : [[0,1,2,3],[0,2,3],[1,2,3],[2,3],[2],[3],[]]
278 : [[0,1,2,3],[0,2,3],[1,2,3],[2,3],[2],[]]
279 : [[0,1,2,3],[0,2,3],[1,2,3],[2,3],[3],[]]
280 : [[0,1,2,3],[0,2,3],[1,2,3],[2,3],[]]
281 : [[0,1,2,3],[0,2,3],[1,2],[1],[2],[]]
282 : [[0,1,2,3],[0,2,3],[1,2],[2],[]]
283 : [[0,1,2,3],[0,2,3],[1,3],[1],[3],[]]
284 : [[0,1,2,3],[0,2,3],[1,3],[3],[]]
285 : [[0,1,2,3],[0,2,3],[1],[]]
286 : [[0,1,2,3],[0,2,3],[2,3],[2],[3],[]]
287 : [[0,1,2,3],[0,2,3],[2,3],[2],[]]
288 : [[0,1,2,3],[0,2,3],[2,3],[3],[]]
289 : [[0,1,2,3],[0,2,3],[2,3],[]]
290 : [[0,1,2,3],[0,2,3],[2],[]]
291 : [[0,1,2,3],[0,2,3],[3],[]]
292 : [[0,1,2,3],[0,2,3],[]]
293 : [[0,1,2,3],[0,2],[0],[1,2,3],[2],[]]
294 : [[0,1,2,3],[0,2],[0],[2],[]]
295 : [[0,1,2,3],[0,2],[0],[]]
296 : [[0,1,2,3],[0,2],[1,2,3],[1,3],[2],[]]
297 : [[0,1,2,3],[0,2],[1,2,3],[2],[]]
298 : [[0,1,2,3],[0,2],[1,3],[]]
299 : [[0,1,2,3],[0,2],[2],[]]
300 : [[0,1,2,3],[0,2],[]]
301 : [[0,1,2,3],[0,3],[0],[1,2,3],[3],[]]
302 : [[0,1,2,3],[0,3],[0],[3],[]]
303 : [[0,1,2,3],[0,3],[0],[]]
304 : [[0,1,2,3],[0,3],[1,2,3],[1,2],[3],[]]
305 : [[0,1,2,3],[0,3],[1,2,3],[3],[]]
306 : [[0,1,2,3],[0,3],[1,2],[]]
307 : [[0,1,2,3],[0,3],[3],[]]
308 : [[0,1,2,3],[0,3],[]]
309 : [[0,1,2,3],[0],[1,2,3],[]]
310 : [[0,1,2,3],[0],[]]
311 : [[0,1,2,3],[1,2,3],[1,2],[1,3],[1],[2,3],[2],[3],[]]
312 : [[0,1,2,3],[1,2,3],[1,2],[1,3],[1],[2],[]]
313 : [[0,1,2,3],[1,2,3],[1,2],[1,3],[1],[3],[]]
314 : [[0,1,2,3],[1,2,3],[1,2],[1,3],[1],[]]
315 : [[0,1,2,3],[1,2,3],[1,2],[1],[2,3],[2],[]]
316 : [[0,1,2,3],[1,2,3],[1,2],[1],[2],[]]
317 : [[0,1,2,3],[1,2,3],[1,2],[1],[]]
318 : [[0,1,2,3],[1,2,3],[1,2],[2,3],[2],[3],[]]
319 : [[0,1,2,3],[1,2,3],[1,2],[2,3],[2],[]]
320 : [[0,1,2,3],[1,2,3],[1,2],[2],[]]
321 : [[0,1,2,3],[1,2,3],[1,2],[3],[]]
322 : [[0,1,2,3],[1,2,3],[1,2],[]]
323 : [[0,1,2,3],[1,2,3],[1,3],[1],[2,3],[3],[]]
324 : [[0,1,2,3],[1,2,3],[1,3],[1],[3],[]]
325 : [[0,1,2,3],[1,2,3],[1,3],[1],[]]
326 : [[0,1,2,3],[1,2,3],[1,3],[2,3],[2],[3],[]]
327 : [[0,1,2,3],[1,2,3],[1,3],[2,3],[3],[]]
328 : [[0,1,2,3],[1,2,3],[1,3],[2],[]]
329 : [[0,1,2,3],[1,2,3],[1,3],[3],[]]
330 : [[0,1,2,3],[1,2,3],[1,3],[]]
331 : [[0,1,2,3],[1,2,3],[1],[2,3],[]]
332 : [[0,1,2,3],[1,2,3],[1],[]]
333 : [[0,1,2,3],[1,2,3],[2,3],[2],[3],[]]
334 : [[0,1,2,3],[1,2,3],[2,3],[2],[]]
335 : [[0,1,2,3],[1,2,3],[2,3],[3],[]]
336 : [[0,1,2,3],[1,2,3],[2,3],[]]
337 : [[0,1,2,3],[1,2,3],[2],[]]
338 : [[0,1,2,3],[1,2,3],[3],[]]
339 : [[0,1,2,3],[1,2,3],[]]
340 : [[0,1,2,3],[1,2],[1],[2],[]]
341 : [[0,1,2,3],[1,2],[1],[]]
342 : [[0,1,2,3],[1,2],[2],[]]
343 : [[0,1,2,3],[1,2],[]]
344 : [[0,1,2,3],[1,3],[1],[3],[]]
345 : [[0,1,2,3],[1,3],[1],[]]
346 : [[0,1,2,3],[1,3],[3],[]]
347 : [[0,1,2,3],[1,3],[]]
348 : [[0,1,2,3],[1],[]]
349 : [[0,1,2,3],[2,3],[2],[3],[]]
350 : [[0,1,2,3],[2,3],[2],[]]
351 : [[0,1,2,3],[2,3],[3],[]]
352 : [[0,1,2,3],[2,3],[]]
353 : [[0,1,2,3],[2],[]]
354 : [[0,1,2,3],[3],[]]
355 : [[0,1,2,3],[]]